   74
   315
   316
   317
   318
   319
   320
   329
   332
   340
   374
   375
   376
   377
   378
   379
   380
   381
   382
   383
   389
   390
   398
   399
   612
   613
   614
   662
   663
   665
   666
   667
   668
   699
   793
   794
   795
   797
   798
   799
   907
   908
   909
   965
   999
   1194
   1195
   1196
   1197
   1198
   1199
   1200
   1201
   1202
   1203
   1204
   1205
   1206
   1326
   1573
   1699
   2883
   2884
   3136
   3137
   3138
   3139
   3140
   3141
   3142
   3143
   3144
   3145
   3146
   3147
   3148
   3149
   3150
   3151
   3152
   3153
   3154
   3155
   3156
   3157
   3158
   3159
   3160
   3161
   3162
   3163
   3164
   3165
   3166
   3176
   3177
   3179
   3180
   3181
   3182
   3183
   3184
   3185
   3186
   3188
   3189
   3190
   3191
   3192
   3194
   3195
   3196
   3197
   3198
   3199
   3200
   3201
   3202
   3203
   3204
   3205
   3206
   3207
   3208
   3209
   3210
   3211
   3212
   3213
   3215
   3216
   3217
   3218
   3219
   3220
   3222
   3223
   3224
   3225
   3226
   3227
   3228
   3229
   3230
   3231
   3232
   3233
   3234
   3235
   3236
   3237
   3238
   3239
   3240
   3245
   3247
   3248
   3251
   3254
   3266
   3348
   3349
   3416
   3429
   3610
   3611
   3784
   3870
   3871
   3883
   3889
   3974
   4542
   4543
   4544
   4545
   4546
   4547
   4548
   4549
   4763
   4764
   4765
   4766
   4767
   4768
   4769
   4770
   4771
   4772
   4773
   4774
   4775
   4776
   4777
   4778
   4779
   4780
   4781
   4782
   4783
   4784
   4785
   4786
   4787
   4788
   4789
   4790
   4791
   4792
   4793
   4794
   4795
   4796
   4797
   4798
   4799
   4800
   4801
   4802
   4803
   4804
   4805
   5085
   5090
   5091
   5092
   5093
   5094
   5095
   5096
   5097
   5098
   5099
   5100
   5101
   5102
   5103
   5104
   5376
   5377
   5378
   5379
   5380
   5381
   5382
   5383
   5384
   5385
   5386
   5387
   5388
   5389
   5683
   5684
   5685
   5686
   5687
   5688
   5689
   5690
   5691
   5692
   5693
   5694
   5695
   5696
   5697
   5698
   5699
   5700
   5701
   5702
   6011
   6012
   6013
   6014
   6015
   6016
   6017
   6018
   6019
   6020
   6021
   6022
   6023
   6024
   6025
   6026
   6027
   6028
   6029
   6030
   6031
   6032
   6033
   6034
   6254
   6258
   6259
   6260
   6261
   6262
   6263
   6264
   6265
   6266
   6267
   6268
   6269
   6270
   6271
   6272
   6273
   6274
   6275
   6276
   6277
   6278
   6279
   6348
   6526
   6527
   6528
   6529
   6530
   6531
   6532
   6533
   6534
   6535
   6536
   6537
   6538
   6539
   6540
   6541
   6542
   6543
   6544
   6545
   6546
   6547
   6548
   6549
   6550
   6551
   6552
   6553
   6554
   6555
   6556
   6557
   6558
   6559
   6560
   6561
   6562
   6563
   6564
   6565
   6566
   6567
   6568
   6569
   6570
   6571
   6572
   6573
   6574
   6575
   6576
   6577
   6578
   6579
   6580
   6581
   6582
   6583
   6584
   6585
   6586
   6587
   6588
   6589
   6590
   6591
   6592
   6593
   6594
   6595
   6596
   6597
   6598
   6599
   6600
   6601
   6602
   6603
   6604
   6605
   6606
   6607
   6608
   6609
   6610
   6611
   6612
   6613
   6614
   6615
   6616
   6617
   6618
   6619
   6620
   6621
   6622
   6623
   6624
   6625
   6626
   6627
   6628
   6629
   6630
   6631
   6632
   6633
   6634
   6635
   6636
   6637
   6638
   6639
   6640
   6641
   6642
   6643
   6644
   6645
   6646
   6647
   6648
   6649
   6650
   6651
   6652
   6653
   6654
   6655
   6656
   6657
   6658
   6659
   6660
   6661
   6662
   6663
   6664
   6665
   6666
   6667
   6668
   6669
   6670
   6671
   6672
   6673
   6674
   6675
   6676
   6677
   6678
   6679
   6680
   6681
   6682
   6683
   6684
   6685
   6686
   6687
   6688
   6689
   6690
   6691
   6692
   6693
   6694
   6695
   6696
   6697
   6698
   6699
   6700
   6701
   6702
   6703
   6704
   6705
   6706
   6707
   6708
   6709
   6710
   6711
   6712
   6713
   6714
   6715
   6716
   6717
   6718
   6719
   6720
   6721
   6722
   6723
   6724
   6725
   6726
   6727
   6728
   6729
   6730
   6731
   6732
   6733
   6734
   6735
   6736
   6737
   6738
   6739
   6740
   6741
   6742
   6743
   6744
   6745
   6746
   6747
   6748
   6749
   6750
   6751
   6752
   6753
   6754
   6755
   6756
   6757
   6758
   6759
   6760
   6761
   6762
   6763
   6764
   6765
   6766
   6767
   6768
   6769
   6770
   6771
   6772
   6773
   6774
   6775
   6776
   6777
   6778
   6779
   6780
   6781
   6782
   6783
   6784
   6785
   6786
   6787
   6788
   6789
   6790
   6791
   6792
   6793
   6794
   6795
   6796
   6797
   6798
   6799
   6800
   6801
   6802
   6803
   6804
   6805
   6806
   6807
   6808
   6809
   6810
   6811
   6812
   6813
   6814
   6815
   6816
   6817
   6818
   6819
   6820
   6821
   6822
   6823
   6824
   6825
   6826
   6827
   6828
   6829
   6830
   6831
   6832
   6833
   6834
   6835
   6836
   6837
   6838
   6839
   6840
   6841
   6842
   6843
   6844
   6845
   6846
   6847
   6848
   6849
   6850
   6851
   6852
   6853
   6854
   6855
   6856
   6857
   6858
   6859
   6860
   6861
   6862
   7393
   7394
   7395
   7396
   7397
   7398
   7399
   7400
   7401
   7402
   7403
   7404
   7405
   7406
   7407
   7408
   7409
   7410
   7411
   7412
   7413
   7414
   7974
   7975
   7976
   7977
   9194
   9195
   9196
   9197
   9198
   9199
   9200
   9201
   9202
   9203
   9204
   9268
   9479
   9480
   9481
   10311
   10312
   10313
   10314
   10745
   10746
   10747
   10748
   10749
   11418
   11419
   11754
   11755
   11756
   11757
   11758
   11759
   11760
   11761
   11762
   11763
   11764
   11765
   11766
   11767
   11768
   11769
   11770
   11771
   11772
   11773
   11774
   11775
   11776
   11777
   11778
   11779
   11780
   11781
   11782
   11783
   11784
   11785
   11786
   11787
   11788
   11789
   11790
   11791
   11792
   11793
   11794
   11795
   11796
   11797
   11798
   11799
   11800
   11801
   11802
   11803
   11804
   11805
   11806
   11807
   11808
   11809
   11810
   11811
   11812
   11813
   11814
   11815
   11816
   11817
   11818
   11819
   11820
   11821
   11822
   11823
   11824
   11825
   11826
   11827
   11828
   11829
   11830
   11831
   11832
   11833
   11834
   11835
   11836
   11837
   11838
   11839
   11840
   11841
   11842
   11843
   11844
   11845
   11846
   11847
   11848
   11849
   11850
   11851
   11852
   11853
   11854
   11855
   11856
   11857
   11858
   11859
   11860
   11861
   11862
   11863
   11864
   11865
   11866
   11867
   11868
   11869
   11870
   11871
   11872
   11873
   11874
   11875
   11876
   11877
   11878
   11879
   11880
   11881
   11882
   11883
   11884
   11885
   11886
   11887
   11888
   11889
   11890
   11891
   11892
   11893
   11894
   11895
   11896
   11897
   11898
   11899
   11900
   11901
   11902
   11903
   11904
   11905
   11906
   11907
   11908
   11909
   11910
   11911
   11912
   11913
   11914
   11915
   11916
   11917
   11918
   11919
   11920
   11921
   11922
   11923
   11924
   11925
   11926
   11927
   11928
   11929
   11930
   11931
   11932
   11933
   11934
   11935
   11936
   11937
   11938
   11939
   11940
   11941
   11942
   11943
   11944
   11945
   11946
   11947
   11948
   11949
   11950
   11951
   11952
   11953
   11954
   11955
   11956
   11957
   11958
   11959
   11960
   11961
   11962
   11963
   11964
   11965
   11966
   11967
   11968
   11969
   11970
   11971
   11972
   11973
   11974
   11975
   11976
   11977
   11978
   11979
   11980
   11981
   11982
   11983
   11984
   11985
   11986
   11987
   11988
   11989
   11990
   11991
   11992
   11993
   11994
   11995
   11996
   11997
   11998
   11999
   12000
   12001
   12002
   12003
   12004
   12005
   12006
   12007
   12008
   12009
   12010
   12011
   12012
   12013
   12014
   12015
   12016
   12017
   12018
   12019
   12020
   12021
   12022
   12023
   12024
   12025
   12026
   12027
   12028
   12029
   12030
   12031
   12032
   12033
   12034
   12035
   12036
   12037
   12038
   12039
   12040
   12041
   12042
   12043
   12044
   12045
   12046
   12047
   12048
   12049
   12050
   12051
   12052
   12053
   12054
   12055
   12056
   12057
   12058
   12059
   12060
   12061
   12062
   12063
   12064
   12065
   12066
   12067
   12068
   12069
   12070
   12071
   12072
   12073
   12074
   12075
   12076
   12077
   12078
   12079
   12080
   12081
   12082
   12083
   12084
   12085
   12086
   12087
   12088
   12089
   12090
   12091
   12092
   12093
   12094
   12095
   12096
   12097
   12098
   12099
   12100
   12101
   12102
   12103
   12104
   12105
   12106
   12107
   12108
   12109
   12110
   12111
   12112
   12113
   12114
   12115
   12116
   12117
   12118
   12119
   12120
   12121
   12122
   12123
   12124
   12125
   12126
   12127
   12128
   12129
   12130
   12131
   12132
   12133
   12134
   12135
   12136
   12137
   12138
   12139
   12140
   12141
   12142
   12143
   12144
   12145
   12146
   12147
   12148
   12149
   12150
   12151
   12152
   12153
   12154
   12155
   12156
   12157
   12158
   12159
   12160
   12161
   12162
   12163
   12164
   12165
   12166
   12167
   12168
   12169
   12170
   12171
   12172
   12173
   12174
   12175
   12176
   12177
   12178
   12179
   12180
   12181
   12182
   12183
   12184
   12185
   12186
   12187
   12188
   12189
   12190
   12191
   12192
   12193
   12194
   12195
   12196
   12197
   12198
   12199
   12200
   12201
   12202
   12203
   12204
   12205
   12206
   12207
   12208
   12209
   12210
   12211
   12212
   12213
   12214
   12215
   12216
   12217
   12218
   12219
   12220
   12221
   12222
   12223
   12224
   12225
   12226
   12227
   12228
   12229
   12230
   12231
   12232
   12233
   12234
   12235
   12236
   12237
   12238
   12239
   12240
   12241
   12242
   12243
   12244
   12245
   12246
   12247
   12248
   12249
   12250
   12251
   12252
   12253
   12254
   12255
   12256
   12257
   12258
   12259
   12260
   12261
   12262
   12263
   12264
   12265
   12266
   12267
   12268
   12269
   12270
   12271
   12272
   12273
   12274
   12275
   12276
   12277
   12278
   12279
   12280
   12281
   12282
   12283
   12284
   12285
   12286
   12287
   12288
   12289
   12290
   12291
   12292
   12293
   12294
   12295
   12296
   12297
   12298
   12299
   12300
   12301
   12302
   12303
   12304
   12305
   12306
   12307
   12308
   12309
   12310
   12311
   12312
   12313
   12314
   12315
   12316
   12317
   12318
   12319
   12320
   12321
   12322
   12323
   12324
   12325
   12326
   12327
   12328
   12329
   12330
   12331
   12332
   12333
   12334
   12335
   12336
   12337
   12338
   12339
   12340
   12341
   12342
   12343
   12344
   12345
   12346
   12347
   12348
   12349
   12350
   12351
   12352
   12353
   12354
   12355
   12356
   12357
   12358
   12359
   12360
   12361
   12362
   12363
   12364
   12365
   12366
   12367
   12368
   12369
   12370
   12371
   12372
   12373
   12374
   12375
   12376
   12377
   12378
   12379
   12380
   12381
   12382
   12383
   12384
   12385
   12386
   12387
   12388
   12389
   12390
   12391
   12392
   12393
   12394
   12395
   12396
   12397
   12398
   12399
   12400
   12401
   12402
   12403
   12404
   12405
   12406
   12407
   12408
   12409
   12410
   12411
   12412
   12413
   12414
   12415
   12416
   12417
   12418
   12419
   12420
   12421
   12422
   12423
   12424
   12425
   12426
   12427
   12428
   12429
   12430
   12431
   12432
   12433
   12434
   12435
   12436
   12437
   12438
   12439
   12440
   12441
   12442
   12443
   12444
   12445
   12446
   12447
   12448
   12449
   12450
   12451
   12452
   12453
   12454
   12455
   12456
   12457
   12458
   12459
   12460
   12461
   12462
   12463
   12464
   12465
   12466
   12467
   12468
   12469
   12470
   12471
   12472
   12473
   12474
   12475
   12476
   12477
   12478
   12479
   12480
   12481
   12482
   12483
   12484
   12485
   12486
   12487
   12488
   12489
   12490
   12491
   12492
   12493
   12494
   12495
   12496
   12497
   12498
   12499
   12500
   12501
   12502
   12503
   12504
   12505
   12506
   12507
   12508
   12509
   12510
   12511
   12512
   12513
   12514
   12515
   12516
   12517
   12518
   12519
   12520
   12521
   12522
   12523
   12524
   12525
   12526
   12527
   12528
   12529
   12530
   12531
   12532
   12533
   12534
   12535
   12536
   12537
   12538
   12539
   12540
   12541
   12542
   12543
   12544
   12545
   12546
   12547
   12548
   12549
   12550
   12551
   12552
   12553
   12554
   12555
   12556
   12557
   12558
   12559
   12560
   12561
   12562
   12563
   12564
   12565
   12566
   12567
   12568
   12569
   12570
   12571
   12572
   12573
   12574
   12575
   12576
   12577
   12578
   12579
   12580
   12581
   12582
   12583
   12584
   12585
   12586
   12587
   12588
   12589
   12590
   12591
   12592
   12593
   12594
   12595
   12596
   12597
   12598
   12599
   12600
   12601
   12602
   12603
   12604
   12605
   12606
   12607
   12608
   12609
   12610
   12611
   12612
   12613
   12614
   12615
   12616
   12617
   12618
   12619
   12620
   12621
   12622
   12623
   12624
   12625
   12626
   12627
   12628
   12629
   12630
   12631
   12632
   12633
   12634
   12635
   12636
   12637
   12638
   12639
   12640
   12641
   12642
   12643
   12644
   12645
   12646
   12647
   12648
   12649
   12650
   12651
   12652
   12653
   12654
   12655
   12656
   12657
   12658
   12659
   12660
   12661
   12662
   12663
   12664
   12665
   12666
   12667
   12668
   12669
   12670
   12671
   12672
   12673
   12674
   12675
   12676
   12677
   12678
   12679
   12680
   12681
   12682
   12683
   12684
   12685
   12686
   12687
   12688
   12689
   12690
   12691
   12692
   12693
   12694
   12695
   12696
   12697
   12698
   12699
   12700
   12701
   12702
   12703
   12704
   12705
   12706
   12707
   12708
   12709
   12710
   12711
   12712
   12713
   12714
   12715
   12716
   12717
   12718
   12719
   12720
   12721
   12722
   12723
   12724
   12725
   12726
   12727
   12728
   12729
   12730
   12731
   12732
   12733
   12734
   12735
   12736
   12737
   12738
   12739
   12740
   12741
   12742
   12743
   12744
   12745
   12746
   12747
   12748
   12749
   12750
   12751
   12752
   12753
   12754
   12755
   12756
   12757
   12758
   12759
   12760
   12761
   12762
   12763
   12764
   12765
   12766
   12767
   12768
   12769
   12770
   12771
   12772
   12773
   12774
   12775
   12776
   12777
   12778
   12779
   12780
   12781
   12782
   12783
   12784
   12785
   12786
   12787
   12788
   12789
   12790
   12791
   12792
   12793
   12794
   12795
   12796
   12797
   12798
   12799
   13564
   13565
   13566
   13567
   13568
   13569
   13570
   13571
   13572
   13573
   13574
   13575
   13576
   13577
   13578
   13579
   13580
   13581
   13582
   13583
   13584
   13585
   13586
   13587
   13588
   13589
   13668
   13669
   13670
   13671
   13891
   13892
   13893
   13894
   13895
   13896
   13897
   13898
   13899
   13900
   13901
   13902
   13903
   13904
   13905
   13906
   13907
   13908
   13909
   13910
   13911
   13912
   13913
   13914
   13915
   13916
   13917
   13918
   13919
   13920
   13921
   13922
   13923
   13924
   13925
   13926
   13927
   13928
   13929
   13930
   13931
   13932
   13933
   13934
   13935
   13936
   13937
   13938
   13939
   13940
   13941
   13942
   13943
   13944
   13945
   13946
   13947
   13948
   13949
   13950
   13951
   13952
   13953
   13954
   13955
   13956
   13957
   13958
   13959
   13960
   13961
   13962
   13963
   13964
   13965
   13966
   13967
   13968
   13969
   13970
   13971
   13972
   13973
   13974
   13975
   13976
   13977
   13978
   13979
   13980
   13981
   13982
   13983
   13984
   13985
   13986
   13987
   13988
   13989
   13990
   13991
   13992
   13993
   13994
   13995
   13996
   13997
   13998
   13999
   14000
   14001
   14002
   14003
   14004
   14005
   14006
   14007
   14008
   14009
   14010
   14011
   14012
   14013
   14014
   14015
   14016
   14017
   14018
   14019
   14020
   14021
   14022
   14023
   14024
   14025
   14026
   14027
   14028
   14029
   14030
   14031
   14032
   14033
   14034
   14035
   14036
   14037
   14038
   14039
   14040
   14041
   14042
   14043
   14044
   14045
   14046
   14047
   14048
   14049
   14050
   14051
   14052
   14053
   14054
   14055
   14056
   14057
   14058
   14059
   14060
   14061
   14062
   14063
   14064
   14065
   14066
   14067
   14068
   14069
   14070
   14071
   14072
   14073
   14074
   14075
   14076
   14077
   14078
   14079
   14080
   14081
   14082
   14083
   14084
   14085
   14086
   14087
   14088
   14089
   14090
   14091
   14092
   14093
   14094
   14095
   14096
   14097
   14098
   14099
   14100
   14101
   14102
   14103
   14104
   14105
   14106
   14107
   14108
   14109
   14110
   14111
   14112
   14113
   14114
   14115
   14116
   14117
   14118
   14119
   14120
   14121
   14122
   14123
   14124
   14125
   14126
   14127
   14128
   14129
   14130
   14131
   14132
   14133
   14134
   14135
   14136
   14137
   14138
   14139
   14140
   14141
   14142
   14143
   14144
   14145
   14146
   14147
   14148
   14149
   14150
   14151
   14152
   14153
   14154
   14155
   14156
   14157
   14158
   14159
   14160
   14161
   14162
   14163
   14164
   14165
   14166
   14167
   14168
   14169
   14170
   14171
   14172
   14173
   14174
   14175
   14176
   14177
   14178
   14179
   14180
   14181
   14182
   14183
   14184
   14185
   14186
   14187
   14188
   14189
   14190
   14191
   14192
   14193
   14194
   14195
   14196
   14197
   14198
   14199
   14200
   14201
   14202
   14203
   14204
   14205
   14206
   14207
   14208
   14209
   14210
   14211
   14212
   14213
   14214
   14215
   14216
   14217
   14218
   14219
   14220
   14221
   14222
   14223
   14224
   14225
   14226
   14227
   14228
   14229
   14230
   14231
   14232
   14233
   14234
   14235
   14236
   14237
   14238
   14239
   14240
   14241
   14242
   14243
   14244
   14245
   14246
   14247
   14248
   14249
   14250
   14251
   14252
   14253
   14254
   14255
   14256
   14257
   14258
   14259
   14260
   14261
   14262
   14263
   14264
   14265
   14266
   14267
   14268
   14269
   14270
   14271
   14272
   14273
   14274
   14275
   14276
   14277
   14278
   14279
   14280
   14281
   14282
   14283
   14284
   14285
   14286
   14287
   14288
   14289
   14290
   14291
   14292
   14293
   14294
   14295
   14296
   14297
   14298
   14299
   14300
   14301
   14302
   14303
   14304
   14305
   14306
   14307
   14308
   14309
   14310
   14311
   14312
   14313
   14314
   14315
   14316
   14317
   14318
   14319
   14320
   14321
   14322
   14323
   14324
   14325
   14326
   14327
   14328
   14329
   14330
   14331
   14332
   14333
   14334
   14335
   14336
   14337
   14338
   14339
   14340
   14341
   14342
   14343
   14344
   14345
   14346
   14347
   14348
   14349
   14350
   14351
   14352
   14353
   14354
   14355
   14356
   14357
   14358
   14359
   14360
   14361
   14362
   14363
   14364
   14365
   14366
   14367
   14368
   14369
   14370
   14371
   14372
   14373
   14374
   14375
   14376
   14377
   14378
   14379
   14380
   14381
   14382
   14529
   14555
   14557
   14644
   14645
   14646
   14647
   14648
   14649
   14658
   14659
   14696
   14697
   14698
   14729
   14730
   14731
   14732
   14733
   14734
   14766
   14767
   14768
   14769
   14857
   14884
   14899
   14904
   14905
   14906
   14907
   14908
   14909
   14910
   14911
   14912
   14913
   14914
   14915
   14916
   14917
   14918
   14919
   14920
   14921
   14922
   14923
   14924
   14925
   14926
   14927
   14928
   14929
   14930
   14931
   14932
   14933
   14934
   14935
   14936
   14937
   14938
   14939
   14940
   14941
   14942
   14943
   14944
   14945
   14946
   14947
   14948
   14949
   14950
   14951
   14952
   14953
   14954
   14955
   14956
   14957
   14958
   14959
   14960
   14961
   14962
   14963
   14964
   14965
   14966
   14967
   14968
   14969
   14970
   14971
   14972
   14973
   14974
   14975
   14976
   14977
   14978
   14979
   14980
   14981
   14982
   14983
   14984
   14985
   14986
   14987
   14988
   14989
   14990
   14991
   14992
   14993
   14994
   14995
   14996
   14997
   14998
   14999
   15000
   15001
   15002
   15003
   15004
   15005
   15006
   15007
   15008
   15009
   15010
   15011
   15012
   15013
   15014
   15015
   15016
   15017
   15018
   15019
   15020
   15021
   15022
   15023
   15024
   15065
   15066
   15067
   15068
   15069
   15070
   15071
   15072
   15073
   15074
   15075
   15076
   15077
   15078
   15079
   15080
   15081
   15082
   15083
   15084
   15085
   15086
   15087
   15088
   15089
   15090
   15091
   15092
   15093
   15094
   15095
   15096
   15097
   15098
   15099
   15100
   15101
   15102
   15103
   15104
   15105
   15106
   15107
   15108
   15109
   15110
   15111
   15112
   15113
   15114
   15115
   15116
   15117
   15118
   15119
   15120
   15121
   15122
   15123
   15124
   15125
   15126
   15127
   15128
   15129
   15130
   15131
   15132
   15133
   15134
   15135
   15136
   15137
   15138
   15139
   15140
   15141
   15142
   15143
   15144
   15145
   15146
   15147
   15148
   15149
   15150
   15151
   15152
   15153
   15154
   15155
   15156
   15157
   15158
   15159
   15160
   15161
   15162
   15163
   15164
   15165
   15166
   15167
   15168
   15169
   15170
   15171
   15172
   15173
   15174
   15175
   15176
   15177
   15178
   15179
   15180
   15181
   15182
   15183
   15184
   15185
   15186
   15187
   15188
   15189
   15190
   15191
   15192
   15193
   15194
   15195
   15196
   15197
   15198
   15199
   15200
   15201
   15202
   15203
   15204
   15205
   15206
   15207
   15208
   15209
   15210
   15211
   15212
   15213
   15214
   15215
   15216
   15217
   15218
   15219
   15220
   15221
   15222
   15223
   15224
   15225
   15226
   15227
   15228
   15229
   15230
   15231
   15232
   15233
   15234
   15235
   15236
   15237
   15238
   15239
   15240
   15241
   15242
   15243
   15244
   15245
   15246
   15247
   15248
   15249
   15250
   15251
   15252
   15253
   15254
   15255
   15256
   15257
   15258
   15259
   15260
   15261
   15262
   15263
   15264
   15265
   15266
   15267
   15268
   15269
   15270
   15271
   15272
   15273
   15274
   15275
   15276
   15277
   15278
   15279
   15280
   15281
   15282
   15283
   15284
   15285
   15286
   15287
   15288
   15289
   15290
   15291
   15292
   15293
   15294
   15295
   15296
   15297
   15298
   15299
   15300
   15301
   15302
   15303
   15304
   15305
   15306
   15307
   15308
   15309
   15310
   15311
   15312
   15313
   15314
   15315
   15316
   15317
   15318
   15319
   15320
   15321
   15322
   15323
   15324
   15325
   15326
   15327
   15328
   15329
   15330
   15331
   15332
   15333
   15334
   15335
   15336
   15337
   15338
   15339
   15340
   15341
   15342
   15343
   15344
   15345
   15346
   15347
   15348
   15349
   15350
   15351
   15352
   15353
   15354
   15355
   15356
   15357
   15358
   15359
   15360
   15361
   15362
   15363
   15364
   15365
   15366
   15367
   15368
   15369
   15370
   15371
   15372
   15373
   15374
   15375
   15376
   15377
   15378
   15379
   15380
   15381
   15382
   15383
   15384
   15385
   15386
   15387
   15388
   15389
   15390
   15391
   15392
   15393
   15394
   15395
   15396
   15397
   15398
   15399
   15400
   15401
   15402
   15403
   15404
   15405
   15406
   15407
   15408
   15409
   15410
   15411
   15412
   15413
   15414
   15415
   15416
   15417
   15418
   15419
   15420
   15421
   15422
   15423
   15424
   15425
   15426
   15427
   15428
   15429
   15430
   15431
   15432
   15433
   15434
   15435
   15436
   15437
   15438
   15439
   15440
   15441
   15442
   15443
   15444
   15445
   15446
   15447
   15448
   15449
   15450
   15451
   15452
   15453
   15454
   15455
   15456
   15457
   15458
   15459
   15460
   15461
   15462
   15463
   15464
   15465
   15466
   15467
   15468
   15469
   15470
   15471
   15472
   15473
   15474
   15475
   15476
   15477
   15478
   15479
   15480
   15481
   15482
   15483
   15484
   15485
   15486
   15487
   15488
   15489
   15490
   15491
   15492
   15493
   15494
   15495
   15496
   15497
   15498
   15499
   15500
   15501
   15502
   15503
   15504
   15505
   15506
   15507
   15508
   15509
   15510
   15511
   15512
   15513
   15514
   15515
   15516
   15517
   15518
   15519
   15520
   15521
   15522
   15523
   15524
   15525
   15526
   15527
   15528
   15529
   15530
   15531
   15532
   15533
   15534
   15535
   15536
   15537
   15538
   15539
   15540
   15541
   15542
   15543
   15544
   15545
   15546
   15547
   15548
   15549
   15550
   15551
   15552
   15553
   15554
   15555
   15556
   15557
   15558
   15559
   15560
   15561
   15562
   15563
   15564
   15565
   15566
   15567
   15568
   15569
   15570
   15571
   15572
   15573
   15574
   15575
   15576
   15577
   15578
   15579
   15580
   15581
   15582
   15583
   15584
   15585
   15586
   15587
   15588
   15589
   15590
   15591
   15592
   15593
   15594
   15595
   15596
   15597
   15598
   15599
   15600
   15601
   15602
   15603
   15604
   15605
   15606
   15607
   15608
   15609
   15610
   15611
   15612
   15613
   15614
   15615
   15616
   15617
   15618
   15619
   15620
   15621
   15622
   15623
   15624
   15625
   15626
   15627
   15628
   15629
   15630
   15631
   15632
   15633
   15634
   15635
   15636
   15637
   15638
   15639
   15640
   15641
   15642
   15643
   15644
   15645
   15646
   15647
   15648
   15649
   15650
   15651
   15652
   15653
   15654
   15655
   15656
   15657
   15658
   15659
   15660
   15661
   15662
   15663
   15664
   15665
   15666
   15667
   15668
   15669
   15670
   15671
   15672
   15673
   15674
   15675
   15676
   15677
   15678
   15679
   15680
   15681
   15682
   15683
   15684
   15685
   15686
   15687
   15688
   15689
   15690
   15691
   15692
   15693
   15694
   15695
   15696
   15697
   15698
   15699
   15700
   15701
   15702
   15703
   15704
   15705
   15706
   15707
   15708
   15709
   15710
   15711
   15712
   15713
   15714
   15715
   15716
   15717
   15718
   15719
   15720
   15721
   15722
   15723
   15724
   15725
   15726
   15727
   15728
   15729
   15730
   15731
   15732
   15733
   15734
   15735
   15736
   15737
   15738
   15739
   15740
   15741
   15742
   15743
   15744
   15745
   15746
   15747
   15748
   15749
   15750
   15751
   15752
   15753
   15754
   15755
   15756
   15757
   15758
   15759
   15760
   15761
   15762
   15763
   15764
   15765
   15766
   15767
   15768
   15769
   15770
   15771
   15772
   15773
   15774
   15775
   15776
   15777
   15778
   15779
   15780
   15781
   15782
   15783
   15784
   15785
   15786
   15787
   15788
   15789
   15790
   15791
   15792
   15793
   15794
   15795
   15796
   15797
   15798
   15799
   15800
   15801
   15802
   15803
   15804
   15805
   15806
   15807
   15808
   15809
   15810
   15811
   15812
   15813
   15814
   15815
   15816
   15817
   15818
   15819
   15820
   15821
   15822
   15823
   15824
   15825
   15826
   15827
   15828
   15829
   15830
   15831
   15832
   15833
   15834
   15835
   15836
   15837
   15838
   15839
   15840
   15841
   15842
   15843
   15844
   15845
   15846
   15847
   15848
   15849
   15850
   15851
   15852
   15853
   15854
   15855
   15856
   15857
   15858
   15859
   15860
   15861
   15862
   15863
   15864
   15865
   15866
   15867
   15868
   15869
   15870
   15871
   15872
   15873
   15874
   15875
   15876
   15877
   15878
   15879
   15880
   15881
   15882
   15883
   15884
   15885
   15886
   15887
   15888
   15889
   15890
   15891
   15892
   15893
   15894
   15895
   15896
   15897
   15898
   15899
   15900
   15901
   15902
   15903
   15904
   15905
   15906
   15907
   15908
   15909
   15910
   15911
   15912
   15913
   15914
   15915
   15916
   15917
   15918
   15919
   15920
   15921
   15922
   15923
   15924
   15925
   15926
   15927
   15928
   15929
   15930
   15931
   15932
   15933
   15934
   15935
   15936
   15937
   15938
   15939
   15940
   15941
   15942
   15943
   15944
   15945
   15946
   15947
   15948
   15949
   15950
   15951
   15952
   15953
   15954
   15955
   15956
   15957
   15958
   15959
   15960
   15961
   15962
   15963
   15964
   15965
   15966
   15967
   15968
   15969
   15970
   15971
   15972
   15973
   15974
   15975
   15976
   15977
   15978
   15979
   15980
   15981
   15982
   15983
   15984
   15985
   15986
   15987
   15988
   15989
   15990
   15991
   15992
   15993
   15994
   15995
   15996
   15997
   15998
   15999
   16791
   16792
   16793
   16794
   16795
   16796
   16797
   16798
   16799
   16800
   16801
   16802
   16803
   16804
   16805
   16806
   16807
   16808
   16809
   16810
   16811
   16812
   16813
   16814
   16815
   16816
   16817
   16818
   16819
   16820
   16821
   16822
   16823
   16824
   16825
   16826
   16827
   16828
   16829
   16830
   16831
   16832
   16833
   16834
   16835
   16836
   16837
   16838
   16839
   16840
   16841
   16842
   16843
   16844
   16845
   16846
   16847
   16848
   16849
   16850
   16851
   16852
   16853
   16854
   16855
   16856
   16857
   16858
   16859
   16860
   16861
   16862
   16863
   16864
   16865
   16866
   16867
   16868
   16869
   16870
   16871
   16872
   16873
   16874
   16875
   16876
   16877
   16878
   16879
   16880
   16881
   16882
   16883
   16884
   16885
   16886
   16887
   16888
   16889
   16890
   16891
   16892
   16893
   16894
   16895
   16896
   16897
   16898
   16899
   16900
   16901
   16902
   16903
   16904
   16905
   16906
   16907
   16908
   16909
   16910
   16911
   16912
   16913
   16914
   16915
   16916
   16917
   16918
   16919
   16920
   16921
   16922
   16923
   16924
   16925
   16926
   16927
   16928
   16929
   16930
   16931
   16932
   16933
   16934
   16935
   16936
   16937
   16938
   16939
   16940
   16941
   16942
   16943
   16944
   16945
   16946
   16947
   16948
   16949
   16950
   16951
   16952
   16953
   16954
   16955
   16956
   16957
   16958
   16959
   16960
   16961
   16962
   16963
   16964
   16965
   16966
   16967
   16968
   16969
   16970
   16971
   16972
   16973
   16974
   16975
   16976
   16977
   16978
   16979
   16980
   16981
   16982
   16983
   16984
   16985
   16986
   16987
   16988
   16989
   16990
   16991
   16992
   16993
   16994
   16995
   16996
   16997
   16998
   16999
   17475
   17476
   17477
   17478
   17479
   17480
   17481
   17482
   17483
   17484
   17485
   17486
   17487
   17488
   17489
   17490
   17491
   17492
   17493
   17494
   17495
   17496
   17497
   17498
   17499
   17975
   17977
   17979
   17980
   17981
   17982
   17983
   17984
   17985
   17986
   17987
   17988
   17989
   17990
   17991
   17992
   17993
   17994
   17995
   17996
   17997
   17998
   17999
   18037
   18103
   18106
   18107
   18108
   18110
   18111
   18113
   18114
   18115
   18116
   18117
   18118
   18119
   18120
   18121
   18122
   18123
   18124
   18125
   18126
   18127
   18128
   18129
   18130
   18131
   18132
   18133
   18134
   18135
   18136
   18137
   18138
   18139
   18140
   18141
   18142
   18143
   18144
   18145
   18146
   18147
   18148
   18149
   18150
   18151
   18152
   18153
   18154
   18155
   18156
   18157
   18158
   18159
   18160
   18161
   18162
   18163
   18164
   18165
   18166
   18167
   18168
   18169
   18170
   18171
   18172
   18173
   18174
   18175
   18176
   18177
   18178
   18179
   18180
   18181
   18182
   18183
   18184
   18185
   18186
   18187
   18188
   18189
   18190
   18191
   18192
   18193
   18194
   18195
   18196
   18197
   18198
   18199
   18860
   18861
   19199
   19275
   19276
   19596
   20004
   20005
   20006
   20007
   20008
   20009
   20010
   20011
   20012
   20013
   20014
   20015
   20067
   23046
   23059
   23826
   23827
   23828
   23829
   23830
   23831
   23832
   23833
   23834
   23835
   23836
   23837
   23838
   23839
   23840
   23841
   23842
   23843
   23844
   23845
   23846
   23847
   23848
   23849
   23850
   23851
   23852
   23853
   23854
   23855
   23856
   23857
   23858
   23859
   23860
   23861
   23862
   23863
   23864
   23865
   23866
   23867
   23868
   23869
   23870
   23871
   23872
   23873
   23874
   23875
   23876
   23877
   23878
   23879
   23880
   23881
   23882
   23883
   23884
   23885
   23886
   23887
   23888
   23889
   23890
   23891
   23892
   23893
   23894
   23895
   23896
   23897
   23898
   23899
   23900
   23901
   23902
   23903
   23904
   23905
   23906
   23907
   23908
   23909
   23910
   23911
   23912
   23913
   23914
   23915
   23916
   23917
   23918
   23919
   23920
   23921
   23922
   23923
   23924
   23925
   23926
   23927
   23928
   23929
   23930
   23931
   23932
   23933
   23934
   23935
   23936
   23937
   23938
   23939
   23940
   23941
   23942
   23943
   23944
   23945
   23946
   23947
   23948
   23949
   23950
   23951
   23952
   23953
   23954
   23955
   23956
   23957
   23958
   23959
   23960
   23961
   23962
   23963
   23964
   23965
   23966
   23967
   23968
   23969
   23970
   23971
   23972
   23973
   23974
   23975
   23976
   23977
   23978
   23979
   23980
   23981
   23982
   23983
   23984
   23985
   23986
   23987
   23988
   23989
   23990
   23991
   23992
   23993
   23994
   23995
   23996
   23997
   23998
   23999
   24000
   24001
   24002
   24003
   24004
   24005
   24006
   24007
   24008
   24009
   24010
   24011
   24012
   24013
   24014
   24015
   24016
   24017
   24018
   24019
   24020
   24021
   24022
   24023
   24024
   24025
   24026
   24027
   24028
   24029
   24030
   24031
   24032
   24033
   24034
   24035
   24036
   24037
   24038
   24039
   24040
   24041
   24042
   24043
   24044
   24045
   24046
   24047
   24048
   24049
   24050
   24051
   24052
   24053
   24054
   24055
   24056
   24057
   24058
   24059
   24060
   24061
   24062
   24063
   24064
   24065
   24066
   24067
   24068
   24069
   24070
   24071
   24072
   24073
   24074
   24075
   24076
   24077
   24078
   24079
   24080
   24081
   24082
   24083
   24084
   24085
   24086
   24087
   24088
   24089
   24090
   24091
   24092
   24093
   24094
   24095
   24096
   24097
   24098
   24099
   24100
   24101
   24102
   24103
   24104
   24105
   24106
   24107
   24108
   24109
   24110
   24111
   24112
   24113
   24114
   24115
   24116
   24117
   24118
   24119
   24120
   24121
   24122
   24123
   24124
   24125
   24126
   24127
   24128
   24129
   24130
   24131
   24132
   24133
   24134
   24135
   24136
   24137
   24138
   24139
   24140
   24141
   24142
   24143
   24144
   24145
   24146
   24147
   24148
   24149
   24150
   24151
   24152
   24153
   24154
   24155
   24156
   24157
   24158
   24159
   24160
   24161
   24162
   24163
   24164
   24165
   24166
   24167
   24168
   24169
   24170
   24171
   24172
   24173
   24174
   24175
   24176
   24177
   24178
   24179
   24180
   24181
   24182
   24183
   24184
   24185
   24186
   24187
   24188
   24189
   24190
   24191
   24192
   24193
   24194
   24195
   24196
   24197
   24198
   24199
   24200
   24201
   24202
   24203
   24204
   24205
   24206
   24207
   24208
   24209
   24210
   24211
   24212
   24213
   24214
   24215
   24216
   24217
   24218
   24219
   24220
   24221
   24222
   24223
   24224
   24225
   24226
   24227
   24228
   24229
   24230
   24231
   24232
   24233
   24234
   24235
   24236
   24237
   24238
   24239
   24240
   24241
   24242
   24243
   24244
   24245
   24246
   24247
   24248
   24249
   24250
   24251
   24252
   24253
   24254
   24255
   24256
   24257
   24258
   24259
   24260
   24261
   24262
   24263
   24264
   24265
   24266
   24267
   24268
   24269
   24270
   24271
   24272
   24273
   24274
   24275
   24276
   24277
   24278
   24279
   24280
   24281
   24282
   24283
   24284
   24285
   24286
   24287
   24288
   24289
   24290
   24291
   24292
   24293
   24294
   24295
   24296
   24297
   24298
   24299
   24300
   24301
   24302
   24303
   24304
   24305
   24306
   24307
   24308
   24309
   24310
   24311
   24312
   24313
   24314
   24315
   24316
   24317
   24318
   24319
   24320
   24321
   24322
   24323
   24324
   24325
   24326
   24327
   24328
   24329
   24330
   24331
   24332
   24333
   24334
   24335
   24336
   24337
   24338
   24339
   24340
   24341
   24342
   24343
   24344
   24345
   24346
   24347
   24348
   24349
   24350
   24351
   24352
   24353
   24354
   24355
   24356
   24357
   24358
   24359
   24360
   24361
   24362
   24363
   24364
   24365
   24366
   24367
   24368
   24369
   24370
   24371
   24372
   24373
   24374
   24375
   24376
   24377
   24378
   24379
   24380
   24381
   24382
   24383
   24384
   24385
   24386
   24387
   24388
   24389
   24390
   24391
   24392
   24393
   24394
   24395
   24396
   24397
   24398
   24399
   24400
   24401
   24402
   24403
   24404
   24405
   24406
   24407
   24408
   24409
   24410
   24411
   24412
   24413
   24414
   24415
   24416
   24417
   24418
   24419
   24420
   24421
   24422
   24423
   24424
   24425
   24426
   24427
   24428
   24429
   24430
   24431
   24432
   24433
   24434
   24435
   24436
   24437
   24438
   24439
   24440
   24441
   24442
   24443
   24444
   24445
   24446
   24447
   24448
   24449
   24450
   24451
   24452
   24453
   24454
   24455
   24456
   24457
   24458
   24459
   24460
   24461
   24462
   24463
   24464
   24465
   24466
   24467
   24468
   24469
   24470
   24471
   24472
   24473
   24474
   24475
   24476
   24477
   24478
   24479
   24480
   24481
   24482
   24483
   24484
   24485
   24486
   24487
   24488
   24489
   24490
   24491
   24492
   24493
   24494
   24495
   24496
   24497
   24498
   24499
   24500
   24501
   24502
   24503
   24504
   24505
   24506
   24507
   24508
   24509
   24510
   24511
   24512
   24513
   24514
   24515
   24516
   24517
   24518
   24519
   24520
   24521
   24522
   24523
   24524
   24525
   24526
   24527
   24528
   24529
   24530
   24531
   24532
   24533
   24534
   24535
   24536
   24537
   24538
   24539
   24540
   24541
   24542
   24543
   24544
   24545
   24546
   24547
   24548
   24549
   24550
   24551
   24552
   24553
   24554
   24555
   24556
   24557
   24558
   24559
   24560
   24561
   24562
   24563
   24564
   24565
   24566
   24567
   24568
   24569
   24570
   24571
   24572
   24573
   24574
   24575
   24576
   24577
   24578
   24579
   24580
   24581
   24582
   24583
   24584
   24585
   24586
   24587
   24588
   24589
   24590
   24591
   24592
   24593
   24594
   24595
   24596
   24597
   24598
   24599
   24600
   24601
   24602
   24603
   24604
   24605
   24606
   24607
   24608
   24609
   24610
   24611
   24612
   24613
   24614
   24615
   24616
   24617
   24618
   24619
   24620
   24621
   24622
   24623
   24624
   24625
   24626
   24627
   24628
   24629
   24630
   24631
   24632
   24633
   24634
   24635
   24636
   24637
   24638
   24639
   24640
   24641
   24642
   24643
   24644
   24645
   24646
   24647
   24648
   24649
   24650
   24651
   24652
   24653
   24654
   24655
   24656
   24657
   24658
   24659
   24660
   24661
   24662
   24663
   24664
   24665
   24666
   24667
   24668
   24669
   24670
   24671
   24672
   24673
   24674
   24675
   24676
   24677
   24678
   24679
   24680
   24681
   24682
   24683
   24684
   24685
   24686
   24687
   24688
   24689
   24690
   24691
   24692
   24693
   24694
   24695
   24696
   24697
   24698
   24699
   24700
   24701
   24702
   24703
   24704
   24705
   24706
   24707
   24708
   24709
   24710
   24711
   24712
   24713
   24714
   24715
   24716
   24717
   24718
   24719
   24720
   24721
   24722
   24723
   24724
   24725
   24726
   24727
   24728
   24729
   24730
   24731
   24732
   24733
   24734
   24735
   24736
   24737
   24738
   24739
   24740
   24741
   24742
   24743
   24744
   24745
   24746
   24747
   24748
   24749
   24750
   24751
   24752
   24753
   24754
   24755
   24756
   24757
   24758
   24759
   24760
   24761
   24762
   24763
   24764
   24765
   24766
   24767
   24768
   24769
   24770
   24771
   24772
   24773
   24774
   24775
   24776
   24777
   24778
   24779
   24780
   24781
   24782
   24783
   24784
   24785
   24786
   24787
   24788
   24789
   24790
   24791
   24792
   24793
   24794
   24795
   24796
   24797
   24798
   24799
   24800
   24801
   24802
   24803
   24804
   24805
   24806
   24807
   24808
   24809
   24810
   24811
   24812
   24813
   24814
   24815
   24816
   24817
   24818
   24819
   24820
   24821
   24822
   24823
   24824
   24825
   24826
   24827
   24828
   24829
   24830
   24831
   24832
   24833
   24834
   24835
   24836
   24837
   24838
   24839
   24840
   24841
   24842
   24843
   24844
   24845
   24846
   24847
   24848
   24849
   24850
   24851
   24852
   24853
   24854
   24855
   24856
   24857
   24858
   24859
   24860
   24861
   24862
   24863
   24864
   24865
   24866
   24867
   24868
   24869
   24870
   24871
   24872
   24873
   24874
   24875
   24876
   24877
   24878
   24879
   24880
   24881
   24882
   24883
   24884
   24885
   24886
   24887
   24888
   24889
   24890
   24891
   24892
   24893
   24894
   24895
   24896
   24897
   24898
   24899
   24900
   24901
   24902
   24903
   24904
   24905
   24906
   24907
   24908
   24909
   24910
   24911
   24912
   24913
   24914
   24915
   24916
   24917
   24918
   24919
   24920
   24921
   24922
   24923
   24924
   24925
   24926
   24927
   24928
   24929
   24930
   24931
   24932
   24933
   24934
   24935
   24936
   24937
   24938
   24939
   24940
   24941
   24942
   24943
   24944
   24945
   24946
   24947
   24948
   24949
   24950
   24951
   24952
   24953
   24954
   24955
   24956
   24957
   24958
   24959
   24960
   24961
   24962
   24963
   24964
   24965
   24966
   24967
   24968
   24969
   24970
   24971
   24972
   24973
   24974
   24975
   24976
   24977
   24978
   24979
   24980
   24981
   24982
   24983
   24984
   24985
   24986
   24987
   24988
   24989
   24990
   24991
   24992
   24993
   24994
   24995
   24996
   24997
   24998
   24999
   25000
   25255
   25446
   25447
   25448
   25449
   25450
   25451
   25452
   25453
   25454
   25455
   25456
   25457
   25458
   25459
   25460
   25461
   25462
   25463
   25464
   25465
   25466
   25467
   25468
   25469
   25470
   25471
   25472
   25473
   25474
   25475
   25476
   25477
   25478
   25479
   25480
   25481
   25482
   25483
   25484
   25485
   25486
   25487
   25488
   25489
   25490
   25491
   25492
   25493
   25494
   25495
   25496
   25497
   25498
   25499
   25500
   25501
   25502
   25503
   25504
   25505
   25506
   25507
   25508
   25509
   25510
   25575
   25734
   25735
   25736
   25737
   25738
   25739
   25740
   25741
   25742
   25743
   25744
   25745
   25746
   25747
   25748
   25749
   25750
   25751
   25752
   25753
   25754
   25755
   25756
   25757
   25758
   25759
   25760
   25761
   25762
   25763
   25764
   25765
   25766
   25767
   25768
   25769
   25770
   25771
   25772
   25773
   25774
   25775
   25776
   25777
   25778
   25779
   25780
   25781
   25782
   25783
   25784
   25785
   25786
   25787
   25788
   25789
   25790
   25791
   25792
   25793
   25794
   25795
   25796
   25797
   25798
   25799
   25800
   25801
   25802
   25803
   25804
   25805
   25806
   25807
   25808
   25809
   25810
   25811
   25812
   25813
   25814
   25815
   25816
   25817
   25818
   25819
   25820
   25821
   25822
   25823
   25824
   25825
   25826
   25827
   25828
   25829
   25830
   25831
   25832
   25833
   25834
   25835
   25836
   25837
   25838
   25839
   25840
   25841
   25842
   25843
   25844
   25845
   25846
   25847
   25848
   25849
   25850
   25851
   25852
   25853
   25854
   25855
   25856
   25857
   25858
   25859
   25860
   25861
   25862
   25863
   25864
   25865
   25866
   25867
   25868
   25869
   25870
   25871
   25872
   25873
   25874
   25875
   25876
   25877
   25878
   25879
   25880
   25881
   25882
   25883
   25884
   25885
   25886
   25887
   25888
   25889
   25890
   25891
   25892
   25893
   25894
   25895
   25896
   25897
   25898
   25899
   25900
   25901
   25902
   25903
   25904
   25905
   25906
   25907
   25908
   25909
   25910
   25911
   25912
   25913
   25914
   25915
   25916
   25917
   25918
   25919
   25920
   25921
   25922
   25923
   25924
   25925
   25926
   25927
   25928
   25929
   25930
   25931
   25932
   25933
   25934
   25935
   25936
   25937
   25938
   25939
   25940
   25941
   25942
   25943
   25944
   25945
   25946
   25947
   25948
   25949
   25950
   25951
   25952
   25953
   25954
   25955
   25956
   25957
   25958
   25959
   25960
   25961
   25962
   25963
   25964
   25965
   25966
   25967
   25968
   25969
   25970
   25971
   25972
   25973
   25974
   25975
   25976
   25977
   25978
   25979
   25980
   25981
   25982
   25983
   25984
   25985
   25986
   25987
   25988
   25989
   25990
   25991
   25992
   25993
   25994
   25995
   25996
   25997
   25998
   25999
   26000
   26001
   26002
   26003
   26004
   26005
   26006
   26007
   26008
   26009
   26010
   26011
   26012
   26013
   26014
   26015
   26016
   26017
   26018
   26019
   26020
   26021
   26022
   26023
   26024
   26025
   26026
   26027
   26028
   26029
   26030
   26031
   26032
   26033
   26034
   26035
   26036
   26037
   26038
   26039
   26040
   26041
   26042
   26043
   26044
   26045
   26046
   26047
   26048
   26049
   26050
   26051
   26052
   26053
   26054
   26055
   26056
   26057
   26058
   26059
   26060
   26061
   26062
   26063
   26064
   26065
   26066
   26067
   26068
   26069
   26070
   26071
   26072
   26073
   26074
   26075
   26076
   26077
   26078
   26079
   26080
   26081
   26082
   26083
   26084
   26085
   26086
   26087
   26088
   26089
   26090
   26091
   26092
   26093
   26094
   26095
   26096
   26097
   26098
   26099
   26100
   26101
   26102
   26103
   26104
   26105
   26106
   26107
   26108
   26109
   26110
   26111
   26112
   26113
   26114
   26115
   26116
   26117
   26118
   26119
   26120
   26121
   26122
   26123
   26124
   26125
   26126
   26127
   26128
   26129
   26130
   26131
   26132
   26133
   26134
   26135
   26136
   26137
   26138
   26139
   26140
   26141
   26142
   26143
   26144
   26145
   26146
   26147
   26148
   26149
   26150
   26151
   26152
   26153
   26154
   26155
   26156
   26157
   26158
   26159
   26160
   26161
   26162
   26163
   26164
   26165
   26166
   26167
   26168
   26169
   26170
   26171
   26172
   26173
   26174
   26175
   26176
   26177
   26178
   26179
   26180
   26181
   26182
   26183
   26184
   26185
   26186
   26187
   26188
   26189
   26190
   26191
   26192
   26193
   26194
   26195
   26196
   26197
   26198
   26199
   26200
   26201
   26202
   26203
   26204
   26205
   26206
   26207
   26208
   26209
   26210
   26211
   26212
   26213
   26214
   26215
   26216
   26217
   26218
   26219
   26220
   26221
   26222
   26223
   26224
   26225
   26226
   26227
   26228
   26229
   26248
   26249
   26250
   26251
   26252
   26253
   26254
   26255
   26256
   26257
   26258
   26259
   26260
   26261
   26262
   26263
   26264
   26265
   26266
   26267
   26268
   26269
   26270
   26271
   26272
   26273
   26274
   26275
   26276
   26277
   26278
   26279
   26280
   26281
   26282
   26283
   26284
   26285
   26286
   26287
   26288
   26289
   26290
   26291
   26292
   26293
   26294
   26295
   26296
   26297
   26298
   26299
   26300
   26301
   26302
   26303
   26304
   26305
   26306
   26307
   26308
   26309
   26310
   26311
   26312
   26313
   26314
   26315
   26316
   26317
   26320
   26322
   26326
   26328
   26329
   26330
   26333
   26334
   26335
   26336
   26337
   26338
   26339
   26340
   26341
   26342
   26343
   26344
   26345
   26346
   26347
   26348
   26349
   26350
   26351
   26352
   26353
   26354
   26355
   26356
   26357
   26358
   26359
   26360
   26361
   26362
   26363
   26364
   26365
   26366
   26367
   26368
   26369
   26370
   26371
   26372
   26373
   26374
   26375
   26376
   26377
   26378
   26379
   26380
   26385
   26386
   26387
   26388
   26389
   26390
   26391
   26392
   26393
   26394
   26395
   26396
   26397
   26398
   26399
   26400
   26401
   26402
   26403
   26404
   26405
   26406
   26407
   26408
   26409
   26410
   26411
   26412
   26413
   26414
   26415
   26416
   26417
   26418
   26419
   26420
   26421
   26422
   26423
   26424
   26425
   26426
   26427
   26428
   26429
   26430
   26431
   26432
   26433
   26434
   26435
   26436
   26437
   26438
   26439
   26440
   26441
   26442
   26443
   26444
   26445
   26446
   26447
   26448
   26449
   26450
   26451
   26452
   26453
   26454
   26455
   26456
   26457
   26458
   26459
   26460
   26461
   26462
   26463
   26464
   26465
   26466
   26467
   26468
   26469
   26470
   26471
   26472
   26473
   26474
   26475
   26476
   26477
   26478
   26479
   26480
   26481
   26482
   26483
   26484
   26485
   26486
   26487
   26488
   26489
   26490
   26491
   26492
   26493
   26494
   26495
   26496
   26497
   26498
   26499
   26500
   26501
   26502
   26503
   26504
   26505
   26506
   26507
   26508
   26509
   26510
   26511
   26512
   26513
   26514
   26515
   26516
   26517
   26518
   26519
   26520
   26521
   26524
   26525
   26526
   26527
   26528
   26529
   26530
   26531
   26532
   26533
   26534
   26535
   26536
   26537
   26538
   26539
   26540
   26541
   26542
   26543
   26544
   26545
   26546
   26547
   26548
   26549
   26550
   26551
   26552
   26553
   26554
   26555
   26556
   26557
   26558
   26559
   26560
   26561
   26562
   26563
   26564
   26565
   26566
   26567
   26568
   26569
   26570
   26571
   26572
   26573
   26574
   26575
   26576
   26577
   26578
   26579
   26580
   26581
   26582
   26583
   26584
   26585
   26586
   26587
   26588
   26589
   26590
   26591
   26592
   26593
   26594
   26595
   26596
   26597
   26598
   26599
   26600
   26601
   26602
   26603
   26604
   26605
   26606
   26607
   26608
   26609
   26610
   26611
   26612
   26613
   26614
   26615
   26616
   26617
   26618
   26619
   26620
   26621
   26622
   26623
   26624
   26625
   26626
   26627
   26628
   26629
   26630
   26631
   26632
   26633
   26634
   26635
   26636
   26637
   26638
   26639
   26640
   26641
   26642
   26643
   26644
   26645
   26646
   26647
   26648
   26649
   26650
   26651
   26652
   26653
   26654
   26655
   26656
   26657
   26658
   26659
   26660
   26661
   26662
   26663
   26664
   26665
   26666
   26667
   26668
   26669
   26670
   26671
   26672
   26673
   26674
   26675
   26676
   26677
   26678
   26679
   26680
   26681
   26682
   26683
   26684
   26685
   26686
   26687
   26688
   26689
   26690
   26691
   26692
   26693
   26694
   26695
   26696
   26697
   26698
   26699
   26700
   26701
   26702
   26703
   26704
   26705
   26706
   26708
   26709
   26710
   26711
   26712
   26713
   26714
   26715
   26716
   26717
   26718
   26719
   26720
   26721
   26722
   26723
   26724
   26725
   26726
   26727
   26728
   26729
   26730
   26731
   26732
   26733
   26734
   26735
   26736
   26737
   26738
   26739
   26740
   26741
   26742
   26743
   26744
   26745
   26746
   26747
   26748
   26749
   26750
   26751
   26752
   26753
   26754
   26755
   26756
   26757
   26758
   26759
   26760
   26761
   26762
   26763
   26764
   26765
   26766
   26767
   26768
   26769
   26770
   26771
   26772
   26773
   26774
   26775
   26776
   26777
   26778
   26779
   26780
   26781
   26782
   26783
   26784
   26785
   26786
   26787
   26788
   26789
   26790
   26791
   26792
   26793
   26794
   26795
   26796
   26797
   26798
   26799
   26800
   26801
   26802
   26803
   26804
   26805
   26806
   26807
   26808
   26809
   26810
   26811
   26812
   26813
   26814
   26815
   26816
   26817
   26818
   26819
   26820
   26821
   26822
   26823
   26824
   26825
   26826
   26827
   26828
   26829
   26830
   26831
   26832
   26833
   26834
   26836
   26837
   26838
   26839
   26840
   26841
   26842
   26843
   26844
   26845
   26846
   26847
   26848
   26849
   26850
   26851
   26852
   26853
   26854
   26855
   26856
   26857
   26858
   26859
   26860
   26864
   26865
   26866
   26867
   26868
   26869
   26870
   26871
   26872
   26873
   26874
   26875
   26876
   26877
   26878
   26879
   26880
   26881
   26882
   26883
   26884
   26885
   26886
   26887
   26888
   26889
   26890
   26891
   26892
   26893
   26894
   26895
   26896
   26897
   26898
   26899
   26900
   26901
   26902
   26903
   26904
   26905
   26906
   26907
   26908
   26909
   26910
   26911
   26912
   26913
   26914
   26915
   26916
   26917
   26918
   26919
   26920
   26921
   26922
   26923
   26924
   26925
   26926
   26927
   26928
   26929
   26930
   26931
   26932
   26933
   26934
   26935
   26936
   26937
   26938
   26939
   26940
   26941
   26942
   26943
   26944
   26945
   26946
   26947
   26948
   26949
   26950
   26951
   26952
   26953
   26954
   26955
   26956
   26957
   26958
   26959
   26960
   26961
   26962
   26963
   26964
   26965
   26966
   26967
   26968
   26969
   26970
   26971
   26972
   26973
   26974
   26975
   26976
   26977
   26978
   26979
   26980
   26981
   26982
   26983
   26984
   26985
   26986
   26987
   26988
   26990
   26993
   26995
   26999
   27000
   27004
   27009
   27011
   27012
   27014
   27016
   27021
   27023
   27024
   27026
   27028
   27033
   27035
   27036
   27038
   27040
   27045
   27047
   27048
   27052
   27057
   27059
   27069
   27076
   27077
   27081
   27082
   27083
   27087
   27088
   27089
   27090
   27091
   27092
   27093
   27094
   27096
   27097
   27098
   27099
   27100
   27102
   27103
   27105
   27106
   27107
   27109
   27110
   27112
   27113
   27114
   27116
   27117
   27118
   27119
   27120
   27121
   27122
   27123
   27124
   27125
   27126
   27127
   27128
   27129
   27130
   27131
   27132
   27133
   27134
   27135
   27136
   27137
   27138
   27139
   27140
   27141
   27142
   27143
   27144
   27145
   27146
   27148
   27149
   27150
   27151
   27152
   27154
   27155
   27156
   27157
   27158
   27160
   27161
   27162
   27163
   27164
   27166
   27167
   27168
   27169
   27170
   27172
   27173
   27174
   27175
   27176
   27178
   27179
   27180
   27181
   27182
   27184
   27185
   27186
   27187
   27188
   27190
   27191
   27192
   27193
   27194
   27196
   27197
   27198
   27199
   27200
   27202
   27203
   27204
   27206
   27207
   27208
   27209
   27210
   27211
   27212
   27213
   27214
   27215
   27216
   27217
   27218
   27219
   27220
   27221
   27222
   27223
   27224
   27225
   27226
   27227
   27228
   27229
   27230
   27231
   27232
   27233
   27234
   27235
   27236
   27237
   27238
   27239
   27240
   27241
   27242
   27243
   27244
   27245
   27246
   27247
   27248
   27249
   27250
   27251
   27252
   27253
   27254
   27255
   27256
   27257
   27258
   27259
   27260
   27261
   27262
   27263
   27264
   27265
   27266
   27267
   27268
   27269
   27270
   27271
   27272
   27273
   27274
   27275
   27276
   27277
   27278
   27279
   27280
   27281
   27282
   27283
   27284
   27285
   27286
   27287
   27288
   27289
   27290
   27291
   27292
   27293
   27294
   27295
   27296
   27297
   27298
   27299
   27300
   27301
   27302
   27303
   27304
   27305
   27306
   27307
   27308
   27309
   27310
   27311
   27312
   27313
   27314
   27315
   27316
   27317
   27318
   27319
   27320
   27321
   27322
   27323
   27324
   27325
   27326
   27327
   27328
   27329
   27330
   27331
   27332
   27333
   27334
   27335
   27336
   27337
   27338
   27339
   27340
   27341
   27342
   27343
   27344
   27345
   27346
   27347
   27348
   27349
   27350
   27351
   27352
   27353
   27354
   27355
   27356
   27357
   27358
   27359
   27360
   27361
   27362
   27363
   27364
   27365
   27366
   27367
   27368
   27369
   27371
   27372
   27373
   27374
   27375
   27376
   27377
   27378
   27379
   27380
   27382
   27383
   27384
   27385
   27386
   27387
   27388
   27389
   27390
   27391
   27393
   27394
   27395
   27396
   27397
   27398
   27399
   27400
   27401
   27402
   27403
   27404
   27405
   27406
   27407
   27408
   27409
   27410
   27411
   27412
   27413
   27414
   27415
   27416
   27417
   27418
   27419
   27420
   27421
   27422
   27423
   27424
   27425
   27426
   27427
   27428
   27430
   27431
   27432
   27433
   27434
   27435
   27436
   27437
   27438
   27439
   27440
   27441
   27442
   27443
   27444
   27445
   27446
   27447
   27448
   27449
   27450
   27451
   27452
   27453
   27454
   27455
   27456
   27457
   27458
   27459
   27460
   27461
   27462
   27463
   27464
   27465
   27466
   27467
   27468
   27469
   27470
   27471
   27472
   27473
   27474
   27475
   27476
   27477
   27478
   27479
   27480
   27481
   27482
   27483
   27484
   27485
   27486
   27487
   27488
   27489
   27490
   27491
   27492
   27493
   27494
   27495
   27496
   27497
   27498
   27499
   27500
   27501
   27502
   27503
   27504
   27505
   27506
   27507
   27508
   27509
   27510
   27511
   27512
   27513
   27514
   27515
   27516
   27517
   27518
   27519
   27520
   27521
   27522
   27523
   27524
   27525
   27526
   27527
   27528
   27529
   27530
   27531
   27532
   27533
   27534
   27535
   27536
   27537
   27538
   27539
   27540
   27541
   27542
   27543
   27544
   27545
   27546
   27547
   27548
   27549
   27550
   27551
   27552
   27553
   27554
   27555
   27556
   27557
   27558
   27559
   27560
   27561
   27562
   27563
   27564
   27565
   27566
   27567
   27568
   27569
   27570
   27571
   27572
   27573
   27574
   27575
   27576
   27577
   27578
   27579
   27580
   27581
   27582
   27583
   27584
   27585
   27586
   27587
   27588
   27589
   27590
   27591
   27592
   27593
   27594
   27595
   27596
   27597
   27598
   27599
   27600
   27601
   27602
   27603
   27604
   27605
   27606
   27607
   27608
   27609
   27610
   27611
   27612
   27613
   27614
   27615
   27616
   27617
   27618
   27619
   27620
   27621
   27622
   27623
   27624
   27625
   27626
   27627
   27628
   27629
   27630
   27631
   27632
   27633
   27634
   27635
   27636
   27637
   27638
   27639
   27640
   27641
   27642
   27643
   27644
   27645
   27646
   27647
   27648
   27649
   27650
   27651
   27652
   27653
   27654
   27655
   27656
   27657
   27658
   27659
   27660
   27661
   27662
   27663
   27664
   27665
   27666
   27667
   27668
   27669
   27670
   27671
   27672
   27673
   27674
   27675
   27676
   27677
   27678
   27679
   27680
   27681
   27682
   27683
   27684
   27685
   27686
   27687
   27688
   27689
   27690
   27691
   27697
   27698
   27699
   27700
   27701
   27702
   27703
   27708
   27709
   27710
   27711
   27712
   27713
   27714
   27715
   27717
   27719
   27720
   27721
   27722
   27723
   27724
   27726
   27728
   27730
   27731
   27732
   27733
   27734
   27735
   27737
   27739
   27740
   27741
   27742
   27743
   27744
   27745
   27746
   27751
   27752
   27753
   27754
   27755
   27756
   27757
   27762
   27763
   27764
   27765
   27766
   27767
   27768
   27769
   27771
   27773
   27774
   27775
   27776
   27777
   27778
   27780
   27782
   27784
   27785
   27786
   27787
   27788
   27789
   27793
   27794
   27795
   27796
   27797
   27798
   27799
   27800
   27805
   27806
   27807
   27808
   27809
   27810
   27811
   27812
   27816
   27817
   27818
   27819
   27820
   27821
   27822
   27827
   27828
   27829
   27830
   27831
   27832
   27834
   27836
   27838
   27839
   27840
   27841
   27842
   27843
   27847
   27848
   27849
   27850
   27851
   27852
   27853
   27854
   27859
   27860
   27861
   27862
   27863
   27864
   27865
   27869
   27870
   27871
   27872
   27873
   27874
   27875
   27876
   27877
   27879
   27881
   27882
   27883
   27884
   27885
   27886
   27890
   27892
   27893
   27894
   27895
   27896
   27897
   27899
   27901
   27902
   27903
   27904
   27905
   27906
   27907
   27908
   27913
   27914
   27915
   27916
   27917
   27918
   27919
   27924
   27925
   27926
   27927
   27928
   27929
   27930
   27931
   27933
   27935
   27936
   27937
   27938
   27939
   27940
   27942
   27944
   27946
   27947
   27948
   27949
   27950
   27951
   27955
   27956
   27957
   27958
   27959
   27960
   27961
   27962
   27967
   27968
   27969
   27970
   27971
   27972
   27973
   27978
   27979
   27980
   27981
   27982
   27983
   27984
   27985
   27989
   27990
   27991
   27992
   27993
   27994
   27996
   27998
   28000
   28001
   28002
   28003
   28004
   28005
   28009
   28010
   28011
   28012
   28013
   28014
   28015
   28016
   28021
   28022
   28023
   28024
   28025
   28026
   28027
   28032
   28033
   28034
   28035
   28036
   28037
   28038
   28039
   28043
   28044
   28045
   28046
   28047
   28048
   28050
   28052
   28054
   28055
   28056
   28057
   28058
   28059
   28063
   28064
   28065
   28066
   28067
   28068
   28069
   28070
   28075
   28076
   28077
   28078
   28079
   28080
   28081
   28086
   28087
   28088
   28089
   28090
   28091
   28092
   28093
   28095
   28097
   28098
   28099
   28100
   28101
   28102
   28104
   28106
   28108
   28109
   28110
   28111
   28112
   28113
   28117
   28118
   28119
   28120
   28121
   28122
   28123
   28124
   28129
   28130
   28131
   28132
   28133
   28134
   28135
   28140
   28141
   28142
   28143
   28144
   28145
   28146
   28147
   28149
   28151
   28152
   28153
   28154
   28155
   28156
   28158
   28160
   28162
   28163
   28164
   28165
   28166
   28167
   28171
   28172
   28173
   28174
   28175
   28176
   28177
   28178
   28183
   28184
   28185
   28186
   28187
   28188
   28189
   28194
   28195
   28196
   28197
   28198
   28199
   28200
   28201
   28205
   28206
   28207
   28208
   28209
   28210
   28212
   28214
   28216
   28217
   28218
   28219
   28220
   28221
   28225
   28226
   28227
   28228
   28229
   28230
   28231
   28232
   28234
   28235
   28236
   28237
   28238
   28239
   28240
   28241
   28242
   28243
   28244
   28245
   28246
   28247
   28248
   28249
   28250
   28251
   28252
   28253
   28254
   28255
   28256
   28257
   28258
   28259
   28260
   28261
   28262
   28263
   28264
   28265
   28266
   28267
   28268
   28269
   28270
   28271
   28272
   28273
   28274
   28275
   28276
   28277
   28278
   28279
   28280
   28281
   28282
   28283
   28284
   28285
   28286
   28287
   28288
   28289
   28290
   28291
   28292
   28293
   28294
   28295
   28296
   28297
   28298
   28299
   28300
   28301
   28302
   28304
   28305
   28308
   28309
   28310
   28311
   28312
   28313
   28314
   28315
   28316
   28317
   28318
   28319
   28320
   28321
   28322
   28323
   28324
   28325
   28326
   28327
   28328
   28329
   28330
   28331
   28332
   28333
   28334
   28335
   28336
   28337
   28338
   28339
   28340
   28341
   28342
   28343
   28344
   28345
   28346
   28347
   28348
   28349
   28350
   28351
   28352
   28353
   28354
   28355
   28356
   28357
   28358
   28359
   28360
   28361
   28362
   28363
   28364
   28365
   28366
   28367
   28368
   28369
   28370
   28371
   28372
   28373
   28374
   28375
   28376
   28377
   28378
   28379
   28380
   28381
   28382
   28383
   28384
   28385
   28386
   28387
   28388
   28389
   28390
   28391
   28392
   28393
   28394
   28395
   28396
   28397
   28398
   28399
   28400
   28401
   28402
   28403
   28404
   28405
   28406
   28407
   28408
   28409
   28410
   28411
   28412
   28413
   28414
   28415
   28416
   28417
   28418
   28419
   28420
   28421
   28422
   28423
   28424
   28425
   28426
   28428
   28429
   28430
   28431
   28432
   28433
   28434
   28435
   28436
   28437
   28438
   28439
   28440
   28441
   28442
   28443
   28444
   28445
   28446
   28447
   28448
   28449
   28450
   28451
   28452
   28453
   28454
   28455
   28456
   28457
   28458
   28459
   28460
   28461
   28462
   28463
   28464
   28465
   28466
   28467
   28468
   28469
   28470
   28471
   28472
   28473
   28474
   28475
   28476
   28477
   28478
   28479
   28480
   28481
   28482
   28483
   28484
   28485
   28486
   28487
   28488
   28489
   28490
   28491
   28492
   28493
   28494
   28495
   28496
   28497
   28498
   28499
   28500
   28501
   28502
   28503
   28504
   28505
   28506
   28507
   28508
   28509
   28510
   28511
   28512
   28513
   28514
   28515
   28516
   28517
   28518
   28519
   28520
   28521
   28522
   28523
   28524
   28525
   28526
   28527
   28528
   28529
   28530
   28531
   28532
   28533
   28534
   28535
   28536
   28537
   28538
   28540
   28541
   28542
   28543
   28544
   28545
   28546
   28547
   28548
   28549
   28550
   28551
   28552
   28553
   28554
   28555
   28556
   28557
   28558
   28559
   28560
   28561
   28562
   28563
   28564
   28565
   28566
   28567
   28568
   28569
   28570
   28571
   28572
   28573
   28574
   28575
   28576
   28577
   28578
   28579
   28580
   28581
   28582
   28583
   28584
   28585
   28586
   28587
   28588
   28589
   28590
   28591
   28592
   28593
   28594
   28595
   28596
   28597
   28598
   28599
   28600
   28601
   28602
   28603
   28604
   28605
   28606
   28607
   28608
   28609
   28610
   28611
   28612
   28613
   28614
   28615
   28616
   28617
   28618
   28619
   28620
   28621
   28625
   28626
   28627
   28628
   28629
   28630
   28631
   28632
   28633
   28634
   28635
   28636
   28637
   28638
   28639
   28640
   28641
   28642
   28643
   28644
   28645
   28646
   28647
   28648
   28649
   28650
   28651
   28652
   28653
   28654
   28655
   28656
   28657
   28658
   28659
   28660
   28661
   28662
   28663
   28664
   28665
   28666
   28667
   28668
   28669
   28670
   28671
   28672
   28673
   28674
   28675
   28676
   28677
   28678
   28679
   28680
   28681
   28682
   28683
   28684
   28685
   28686
   28687
   28688
   28689
   28690
   28691
   28692
   28693
   28694
   28695
   28696
   28697
   28698
   28699
   28700
   28701
   28702
   28703
   28704
   28705
   28706
   28707
   28708
   28709
   28710
   28711
   28712
   28713
   28714
   28715
   28716
   28717
   28718
   28719
   28720
   28721
   28722
   28723
   28724
   28725
   28726
   28727
   28728
   28729
   28730
   28731
   28732
   28733
   28734
   28735
   28736
   28737
   28738
   28739
   28740
   28741
   28742
   28743
   28744
   28745
   28746
   28747
   28748
   28749
   28750
   28751
   28752
   28753
   28754
   28755
   28756
   28757
   28758
   28759
   28760
   28761
   28762
   28763
   28764
   28765
   28766
   28767
   28768
   28769
   28770
   28771
   28772
   28773
   28774
   28775
   28776
   28777
   28778
   28779
   28780
   28781
   28782
   28783
   28784
   28785
   28786
   28787
   28788
   28789
   28790
   28791
   28792
   28793
   28794
   28795
   28796
   28797
   28798
   28799
   28800
   28801
   28802
   28803
   28804
   28805
   28806
   28807
   28808
   28809
   28810
   28811
   28812
   28813
   28814
   28815
   28816
   28817
   28818
   28819
   28820
   28821
   28822
   28823
   28824
   28825
   28830
   28831
   28832
   28833
   28834
   28835
   28836
   28837
   28838
   28839
   28840
   28841
   28842
   28843
   28844
   28845
   28846
   28847
   28848
   28849
   28850
   28851
   28852
   28853
   28854
   28855
   28856
   28857
   28858
   28859
   28860
   28861
   28862
   28863
   28864
   28865
   28866
   28867
   28868
   28869
   28870
   28871
   28872
   28873
   28874
   28875
   28876
   28877
   28878
   28879
   28880
   28881
   28882
   28883
   28884
   28885
   28886
   28887
   28888
   28889
   28890
   28891
   28892
   28893
   28894
   28895
   28896
   28897
   28898
   28899
   28900
   28901
   28902
   28903
   28904
   28905
   28906
   28907
   28908
   28909
   28910
   28911
   28912
   28913
   28914
   28915
   28916
   28917
   28918
   28919
   28920
   28921
   28922
   28923
   28924
   28925
   28926
   28927
   28928
   28929
   28930
   28931
   28932
   28933
   28934
   28935
   28936
   28937
   28938
   28939
   28940
   28941
   28942
   28943
   28944
   28945
   28946
   28947
   28948
   28949
   28950
   28951
   28952
   28953
   28954
   28955
   28956
   28957
   28958
   28959
   28960
   28961
   28962
   28963
   28964
   28965
   28966
   28967
   28968
   28969
   28970
   28971
   28972
   28973
   28974
   28975
   28976
   28977
   28978
   28979
   28980
   28981
   28982
   28983
   28984
   28985
   28986
   28987
   28988
   28989
   28993
   28994
   28995
   28996
   28997
   28998
   28999
   29000
   29001
   29002
   29003
   29004
   29005
   29006
   29007
   29008
   29009
   29010
   29011
   29012
   29013
   29014
   29015
   29016
   29017
   29018
   29019
   29020
   29021
   29022
   29023
   29024
   29025
   29026
   29027
   29028
   29029
   29030
   29031
   29032
   29033
   29034
   29035
   29036
   29037
   29038
   29039
   29040
   29041
   29042
   29043
   29044
   29045
   29046
   29047
   29048
   29049
   29050
   29051
   29052
   29053
   29054
   29055
   29056
   29057
   29058
   29059
   29060
   29061
   29062
   29063
   29064
   29065
   29066
   29067
   29068
   29069
   29070
   29071
   29072
   29073
   29074
   29075
   29076
   29077
   29078
   29079
   29080
   29081
